3906666299
2941600623
2132793796
3299109587
619444683
475381199
3700328909
1302780124
1013311583
518774581
2461894291
628415357
1660354265
513650154
3524207815
1670404060
3541250635
1168579147
1770752787
3051006664
1876090145
2906623138
2721090295
1545968255
3288219010
4045447001
2194951840
601577293
3811890974
3254603256
2841011847
3920481778
1122454535
686032568
3714143909
2004606949
4129292737
2959643278
2579814921
2272901548
582089455
1754198635
296846002
904061403
920586396
1577283700
1662853333
4292715086
2176031694
846961924
1429649770
1543891724
2246971298
1951756973
1448682611
2921650227
3542577887
3659023322
3444824602
1608224359
1354802501
3741240881
3373745249
1034589817
2611780255
2252074654
1157398774
503872986
35878313
1245559030
900879538
266402320
520964370
2549100105
20474608
757982738
1210370561
67999391
1079847623
3461776036
2074569872
2262194905
220907005
471484972
3567633219
3402545691
4131993891
1660584361
874180121
261955709
3118099608
464665557
3288898881
1284845913
1142462875
1638673837
1265815317
36908913
1108879264
3324899715
506927727
1728911905
1018711285
942751528
581420784
1410146617
970990198
4005548744
1609170436
2361831350
3955086559
412594313
830981430
2197005246
756250025
2926545221
744632008
2704704386
217695828
2621114641
2895095966
1602398082
1831899951
1386689563
2474819648
3302789869
417991560
3917643698
1372565855
406257209
1482512879
21272030
4153715886
1327354812
2827875981
178540207
700666203
2191677201
3019358673
3216353409
2944772157
3419243640
4203980819
1845686881
1188865071
364726067
3927867114
101256420
1026920309
1483434901
